image: sigverse_cartographer.pgm
resolution: 0.050000
origin: [-3.914887, -7.852899, 0.000000]
negate: 0
occupied_thresh: 0.25
free_thresh: 0.196

